Vortex 1.12.1 loaded ( Tuesday 23. September 2025, at 09:24:14 )
SUITE is not defined to read the corresponding BDClim file
[Date(2024, 9, 8, 21, 0)] [1, 2, 3, 4, 5, 6, 7, 8, 9, 10, 11, 12, 13, 14, 15, 16, 17, 18, 19, 20, 21, 22, 23] 24
575
Reading PEAROME data is done in 836.1930 seconds
[4.816181603117457e-11, 2.876726086307573e-10]
[-0.0751568683831849, 713.1621820555547] [0.008699623495340347, 100.009375]
(25, 5, 5) (5, 5) (5, 5)
(25, 5, 5) (5, 5) (5, 5)
(25, 5, 5) (5, 5) (5, 5)
(25, 5, 5) (5, 5) (5, 5)
(25, 5, 5) (5, 5) (5, 5)
(25, 5, 5) (5, 5) (5, 5)
(25, 5, 5) (5, 5) (5, 5)
(25, 5, 5) (5, 5) (5, 5)
(25, 5, 5) (5, 5) (5, 5)
(25, 5, 5) (5, 5) (5, 5)
(25, 5, 5) (5, 5) (5, 5)
(25, 5, 5) (5, 5) (5, 5)
(25, 5, 5) (5, 5) (5, 5)
(25, 5, 5) (5, 5) (5, 5)
Writing the file of dble/2100P/RESULT/EPS/2024090906_mem24_memU25_K2_0.02.nc
Scores computation for 1 forcast term is Done in 8.2122 seconds
(25, 5, 5) (5, 5) (5, 5)
(25, 5, 5) (5, 5) (5, 5)
(25, 5, 5) (5, 5) (5, 5)
(25, 5, 5) (5, 5) (5, 5)
(25, 5, 5) (5, 5) (5, 5)
(25, 5, 5) (5, 5) (5, 5)
(25, 5, 5) (5, 5) (5, 5)
(25, 5, 5) (5, 5) (5, 5)
(25, 5, 5) (5, 5) (5, 5)
(25, 5, 5) (5, 5) (5, 5)
(25, 5, 5) (5, 5) (5, 5)
(25, 5, 5) (5, 5) (5, 5)
(25, 5, 5) (5, 5) (5, 5)
(25, 5, 5) (5, 5) (5, 5)
Writing the file of dble/2100P/RESULT/EPS/2024090907_mem24_memU25_K2_0.02.nc
Scores computation for 1 forcast term is Done in 11.4994 seconds
(25, 5, 5) (5, 5) (5, 5)
(25, 5, 5) (5, 5) (5, 5)
(25, 5, 5) (5, 5) (5, 5)
(25, 5, 5) (5, 5) (5, 5)
(25, 5, 5) (5, 5) (5, 5)
(25, 5, 5) (5, 5) (5, 5)
(25, 5, 5) (5, 5) (5, 5)
(25, 5, 5) (5, 5) (5, 5)
(25, 5, 5) (5, 5) (5, 5)
(25, 5, 5) (5, 5) (5, 5)
(25, 5, 5) (5, 5) (5, 5)
(25, 5, 5) (5, 5) (5, 5)
(25, 5, 5) (5, 5) (5, 5)
(25, 5, 5) (5, 5) (5, 5)
Writing the file of dble/2100P/RESULT/EPS/2024090908_mem24_memU25_K2_0.02.nc
Scores computation for 1 forcast term is Done in 12.2996 seconds
(25, 5, 5) (5, 5) (5, 5)
(25, 5, 5) (5, 5) (5, 5)
(25, 5, 5) (5, 5) (5, 5)
(25, 5, 5) (5, 5) (5, 5)
(25, 5, 5) (5, 5) (5, 5)
(25, 5, 5) (5, 5) (5, 5)
(25, 5, 5) (5, 5) (5, 5)
(25, 5, 5) (5, 5) (5, 5)
(25, 5, 5) (5, 5) (5, 5)
(25, 5, 5) (5, 5) (5, 5)
(25, 5, 5) (5, 5) (5, 5)
(25, 5, 5) (5, 5) (5, 5)
(25, 5, 5) (5, 5) (5, 5)
(25, 5, 5) (5, 5) (5, 5)
Writing the file of dble/2100P/RESULT/EPS/2024090909_mem24_memU25_K2_0.02.nc
Scores computation for 1 forcast term is Done in 11.7427 seconds
(25, 5, 5) (5, 5) (5, 5)
(25, 5, 5) (5, 5) (5, 5)
(25, 5, 5) (5, 5) (5, 5)
(25, 5, 5) (5, 5) (5, 5)
(25, 5, 5) (5, 5) (5, 5)
(25, 5, 5) (5, 5) (5, 5)
(25, 5, 5) (5, 5) (5, 5)
(25, 5, 5) (5, 5) (5, 5)
(25, 5, 5) (5, 5) (5, 5)
(25, 5, 5) (5, 5) (5, 5)
(25, 5, 5) (5, 5) (5, 5)
(25, 5, 5) (5, 5) (5, 5)
(25, 5, 5) (5, 5) (5, 5)
(25, 5, 5) (5, 5) (5, 5)
Writing the file of dble/2100P/RESULT/EPS/2024090910_mem24_memU25_K2_0.02.nc
Scores computation for 1 forcast term is Done in 12.1955 seconds
(25, 5, 5) (5, 5) (5, 5)
(25, 5, 5) (5, 5) (5, 5)
(25, 5, 5) (5, 5) (5, 5)
(25, 5, 5) (5, 5) (5, 5)
(25, 5, 5) (5, 5) (5, 5)
(25, 5, 5) (5, 5) (5, 5)
(25, 5, 5) (5, 5) (5, 5)
(25, 5, 5) (5, 5) (5, 5)
(25, 5, 5) (5, 5) (5, 5)
(25, 5, 5) (5, 5) (5, 5)
(25, 5, 5) (5, 5) (5, 5)
(25, 5, 5) (5, 5) (5, 5)
(25, 5, 5) (5, 5) (5, 5)
(25, 5, 5) (5, 5) (5, 5)
Writing the file of dble/2100P/RESULT/EPS/2024090911_mem24_memU25_K2_0.02.nc
Scores computation for 1 forcast term is Done in 12.1868 seconds
(25, 5, 5) (5, 5) (5, 5)
(25, 5, 5) (5, 5) (5, 5)
(25, 5, 5) (5, 5) (5, 5)
(25, 5, 5) (5, 5) (5, 5)
(25, 5, 5) (5, 5) (5, 5)
(25, 5, 5) (5, 5) (5, 5)
(25, 5, 5) (5, 5) (5, 5)
(25, 5, 5) (5, 5) (5, 5)
(25, 5, 5) (5, 5) (5, 5)
(25, 5, 5) (5, 5) (5, 5)
(25, 5, 5) (5, 5) (5, 5)
(25, 5, 5) (5, 5) (5, 5)
(25, 5, 5) (5, 5) (5, 5)
(25, 5, 5) (5, 5) (5, 5)
Writing the file of dble/2100P/RESULT/EPS/2024090912_mem24_memU25_K2_0.02.nc
Scores computation for 1 forcast term is Done in 12.2037 seconds
(25, 5, 5) (5, 5) (5, 5)
(25, 5, 5) (5, 5) (5, 5)
(25, 5, 5) (5, 5) (5, 5)
(25, 5, 5) (5, 5) (5, 5)
(25, 5, 5) (5, 5) (5, 5)
(25, 5, 5) (5, 5) (5, 5)
(25, 5, 5) (5, 5) (5, 5)
(25, 5, 5) (5, 5) (5, 5)
(25, 5, 5) (5, 5) (5, 5)
(25, 5, 5) (5, 5) (5, 5)
(25, 5, 5) (5, 5) (5, 5)
(25, 5, 5) (5, 5) (5, 5)
(25, 5, 5) (5, 5) (5, 5)
(25, 5, 5) (5, 5) (5, 5)
Writing the file of dble/2100P/RESULT/EPS/2024090913_mem24_memU25_K2_0.02.nc
Scores computation for 1 forcast term is Done in 12.3272 seconds
(25, 5, 5) (5, 5) (5, 5)
(25, 5, 5) (5, 5) (5, 5)
(25, 5, 5) (5, 5) (5, 5)
(25, 5, 5) (5, 5) (5, 5)
(25, 5, 5) (5, 5) (5, 5)
(25, 5, 5) (5, 5) (5, 5)
(25, 5, 5) (5, 5) (5, 5)
(25, 5, 5) (5, 5) (5, 5)
(25, 5, 5) (5, 5) (5, 5)
(25, 5, 5) (5, 5) (5, 5)
(25, 5, 5) (5, 5) (5, 5)
(25, 5, 5) (5, 5) (5, 5)
(25, 5, 5) (5, 5) (5, 5)
(25, 5, 5) (5, 5) (5, 5)
Writing the file of dble/2100P/RESULT/EPS/2024090914_mem24_memU25_K2_0.02.nc
Scores computation for 1 forcast term is Done in 12.0358 seconds
(25, 5, 5) (5, 5) (5, 5)
(25, 5, 5) (5, 5) (5, 5)
(25, 5, 5) (5, 5) (5, 5)
(25, 5, 5) (5, 5) (5, 5)
(25, 5, 5) (5, 5) (5, 5)
(25, 5, 5) (5, 5) (5, 5)
(25, 5, 5) (5, 5) (5, 5)
(25, 5, 5) (5, 5) (5, 5)
(25, 5, 5) (5, 5) (5, 5)
(25, 5, 5) (5, 5) (5, 5)
(25, 5, 5) (5, 5) (5, 5)
(25, 5, 5) (5, 5) (5, 5)
(25, 5, 5) (5, 5) (5, 5)
(25, 5, 5) (5, 5) (5, 5)
Writing the file of dble/2100P/RESULT/EPS/2024090915_mem24_memU25_K2_0.02.nc
Scores computation for 1 forcast term is Done in 12.1855 seconds
(25, 5, 5) (5, 5) (5, 5)
(25, 5, 5) (5, 5) (5, 5)
(25, 5, 5) (5, 5) (5, 5)
(25, 5, 5) (5, 5) (5, 5)
(25, 5, 5) (5, 5) (5, 5)
(25, 5, 5) (5, 5) (5, 5)
(25, 5, 5) (5, 5) (5, 5)
(25, 5, 5) (5, 5) (5, 5)
(25, 5, 5) (5, 5) (5, 5)
(25, 5, 5) (5, 5) (5, 5)
(25, 5, 5) (5, 5) (5, 5)
(25, 5, 5) (5, 5) (5, 5)
(25, 5, 5) (5, 5) (5, 5)
(25, 5, 5) (5, 5) (5, 5)
Writing the file of dble/2100P/RESULT/EPS/2024090916_mem24_memU25_K2_0.02.nc
Scores computation for 1 forcast term is Done in 12.2062 seconds
(25, 5, 5) (5, 5) (5, 5)
(25, 5, 5) (5, 5) (5, 5)
(25, 5, 5) (5, 5) (5, 5)
(25, 5, 5) (5, 5) (5, 5)
(25, 5, 5) (5, 5) (5, 5)
(25, 5, 5) (5, 5) (5, 5)
(25, 5, 5) (5, 5) (5, 5)
(25, 5, 5) (5, 5) (5, 5)
(25, 5, 5) (5, 5) (5, 5)
(25, 5, 5) (5, 5) (5, 5)
(25, 5, 5) (5, 5) (5, 5)
(25, 5, 5) (5, 5) (5, 5)
(25, 5, 5) (5, 5) (5, 5)
(25, 5, 5) (5, 5) (5, 5)
Writing the file of dble/2100P/RESULT/EPS/2024090917_mem24_memU25_K2_0.02.nc
Scores computation for 1 forcast term is Done in 12.1021 seconds
(25, 5, 5) (5, 5) (5, 5)
(25, 5, 5) (5, 5) (5, 5)
(25, 5, 5) (5, 5) (5, 5)
(25, 5, 5) (5, 5) (5, 5)
(25, 5, 5) (5, 5) (5, 5)
(25, 5, 5) (5, 5) (5, 5)
(25, 5, 5) (5, 5) (5, 5)
(25, 5, 5) (5, 5) (5, 5)
(25, 5, 5) (5, 5) (5, 5)
(25, 5, 5) (5, 5) (5, 5)
(25, 5, 5) (5, 5) (5, 5)
(25, 5, 5) (5, 5) (5, 5)
(25, 5, 5) (5, 5) (5, 5)
(25, 5, 5) (5, 5) (5, 5)
Writing the file of dble/2100P/RESULT/EPS/2024090918_mem24_memU25_K2_0.02.nc
Scores computation for 1 forcast term is Done in 12.2421 seconds
(25, 5, 5) (5, 5) (5, 5)
(25, 5, 5) (5, 5) (5, 5)
(25, 5, 5) (5, 5) (5, 5)
(25, 5, 5) (5, 5) (5, 5)
(25, 5, 5) (5, 5) (5, 5)
(25, 5, 5) (5, 5) (5, 5)
(25, 5, 5) (5, 5) (5, 5)
(25, 5, 5) (5, 5) (5, 5)
(25, 5, 5) (5, 5) (5, 5)
(25, 5, 5) (5, 5) (5, 5)
(25, 5, 5) (5, 5) (5, 5)
(25, 5, 5) (5, 5) (5, 5)
(25, 5, 5) (5, 5) (5, 5)
(25, 5, 5) (5, 5) (5, 5)
Writing the file of dble/2100P/RESULT/EPS/2024090919_mem24_memU25_K2_0.02.nc
Scores computation for 1 forcast term is Done in 7.9502 seconds
[Date(2024, 9, 9, 21, 0)] [1, 2, 3, 4, 5, 6, 7, 8, 9, 10, 11, 12, 13, 14, 15, 16, 17, 18, 19, 20, 21, 22, 23] 24
575
Reading PEAROME data is done in 1103.1661 seconds
[4.816181603117457e-11, 2.8761606308107103e-10]
[-0.0926421408727765, 746.89163495931] [0.008699623495340347, 100.009375]
(25, 5, 5) (5, 5) (5, 5)
(25, 5, 5) (5, 5) (5, 5)
(25, 5, 5) (5, 5) (5, 5)
(25, 5, 5) (5, 5) (5, 5)
(25, 5, 5) (5, 5) (5, 5)
(25, 5, 5) (5, 5) (5, 5)
(25, 5, 5) (5, 5) (5, 5)
(25, 5, 5) (5, 5) (5, 5)
(25, 5, 5) (5, 5) (5, 5)
(25, 5, 5) (5, 5) (5, 5)
(25, 5, 5) (5, 5) (5, 5)
(25, 5, 5) (5, 5) (5, 5)
(25, 5, 5) (5, 5) (5, 5)
(25, 5, 5) (5, 5) (5, 5)
Writing the file of dble/2100P/RESULT/EPS/2024091006_mem24_memU25_K2_0.02.nc
Scores computation for 1 forcast term is Done in 13.3362 seconds
(25, 5, 5) (5, 5) (5, 5)
(25, 5, 5) (5, 5) (5, 5)
(25, 5, 5) (5, 5) (5, 5)
(25, 5, 5) (5, 5) (5, 5)
(25, 5, 5) (5, 5) (5, 5)
(25, 5, 5) (5, 5) (5, 5)
(25, 5, 5) (5, 5) (5, 5)
(25, 5, 5) (5, 5) (5, 5)
(25, 5, 5) (5, 5) (5, 5)
(25, 5, 5) (5, 5) (5, 5)
(25, 5, 5) (5, 5) (5, 5)
(25, 5, 5) (5, 5) (5, 5)
(25, 5, 5) (5, 5) (5, 5)
(25, 5, 5) (5, 5) (5, 5)
Writing the file of dble/2100P/RESULT/EPS/2024091007_mem24_memU25_K2_0.02.nc
Scores computation for 1 forcast term is Done in 19.5986 seconds
(25, 5, 5) (5, 5) (5, 5)
(25, 5, 5) (5, 5) (5, 5)
(25, 5, 5) (5, 5) (5, 5)
(25, 5, 5) (5, 5) (5, 5)
(25, 5, 5) (5, 5) (5, 5)
(25, 5, 5) (5, 5) (5, 5)
(25, 5, 5) (5, 5) (5, 5)
(25, 5, 5) (5, 5) (5, 5)
(25, 5, 5) (5, 5) (5, 5)
(25, 5, 5) (5, 5) (5, 5)
(25, 5, 5) (5, 5) (5, 5)
(25, 5, 5) (5, 5) (5, 5)
(25, 5, 5) (5, 5) (5, 5)
(25, 5, 5) (5, 5) (5, 5)
Writing the file of dble/2100P/RESULT/EPS/2024091008_mem24_memU25_K2_0.02.nc
Scores computation for 1 forcast term is Done in 18.6447 seconds
(25, 5, 5) (5, 5) (5, 5)
(25, 5, 5) (5, 5) (5, 5)
(25, 5, 5) (5, 5) (5, 5)
(25, 5, 5) (5, 5) (5, 5)
(25, 5, 5) (5, 5) (5, 5)
(25, 5, 5) (5, 5) (5, 5)
(25, 5, 5) (5, 5) (5, 5)
(25, 5, 5) (5, 5) (5, 5)
(25, 5, 5) (5, 5) (5, 5)
(25, 5, 5) (5, 5) (5, 5)
(25, 5, 5) (5, 5) (5, 5)
(25, 5, 5) (5, 5) (5, 5)
(25, 5, 5) (5, 5) (5, 5)
(25, 5, 5) (5, 5) (5, 5)
Writing the file of dble/2100P/RESULT/EPS/2024091009_mem24_memU25_K2_0.02.nc
Scores computation for 1 forcast term is Done in 18.8502 seconds
(25, 5, 5) (5, 5) (5, 5)
(25, 5, 5) (5, 5) (5, 5)
(25, 5, 5) (5, 5) (5, 5)
(25, 5, 5) (5, 5) (5, 5)
(25, 5, 5) (5, 5) (5, 5)
(25, 5, 5) (5, 5) (5, 5)
(25, 5, 5) (5, 5) (5, 5)
(25, 5, 5) (5, 5) (5, 5)
(25, 5, 5) (5, 5) (5, 5)
(25, 5, 5) (5, 5) (5, 5)
(25, 5, 5) (5, 5) (5, 5)
(25, 5, 5) (5, 5) (5, 5)
(25, 5, 5) (5, 5) (5, 5)
(25, 5, 5) (5, 5) (5, 5)
Writing the file of dble/2100P/RESULT/EPS/2024091010_mem24_memU25_K2_0.02.nc
Scores computation for 1 forcast term is Done in 18.7876 seconds
(25, 5, 5) (5, 5) (5, 5)
(25, 5, 5) (5, 5) (5, 5)
(25, 5, 5) (5, 5) (5, 5)
(25, 5, 5) (5, 5) (5, 5)
(25, 5, 5) (5, 5) (5, 5)
(25, 5, 5) (5, 5) (5, 5)
(25, 5, 5) (5, 5) (5, 5)
(25, 5, 5) (5, 5) (5, 5)
(25, 5, 5) (5, 5) (5, 5)
(25, 5, 5) (5, 5) (5, 5)
(25, 5, 5) (5, 5) (5, 5)
(25, 5, 5) (5, 5) (5, 5)
(25, 5, 5) (5, 5) (5, 5)
(25, 5, 5) (5, 5) (5, 5)
Writing the file of dble/2100P/RESULT/EPS/2024091011_mem24_memU25_K2_0.02.nc
Scores computation for 1 forcast term is Done in 18.9887 seconds
(25, 5, 5) (5, 5) (5, 5)
(25, 5, 5) (5, 5) (5, 5)
(25, 5, 5) (5, 5) (5, 5)
(25, 5, 5) (5, 5) (5, 5)
(25, 5, 5) (5, 5) (5, 5)
(25, 5, 5) (5, 5) (5, 5)
(25, 5, 5) (5, 5) (5, 5)
(25, 5, 5) (5, 5) (5, 5)
(25, 5, 5) (5, 5) (5, 5)
(25, 5, 5) (5, 5) (5, 5)
(25, 5, 5) (5, 5) (5, 5)
(25, 5, 5) (5, 5) (5, 5)
(25, 5, 5) (5, 5) (5, 5)
(25, 5, 5) (5, 5) (5, 5)
Writing the file of dble/2100P/RESULT/EPS/2024091012_mem24_memU25_K2_0.02.nc
Scores computation for 1 forcast term is Done in 18.7904 seconds
(25, 5, 5) (5, 5) (5, 5)
(25, 5, 5) (5, 5) (5, 5)
(25, 5, 5) (5, 5) (5, 5)
(25, 5, 5) (5, 5) (5, 5)
(25, 5, 5) (5, 5) (5, 5)
(25, 5, 5) (5, 5) (5, 5)
(25, 5, 5) (5, 5) (5, 5)
(25, 5, 5) (5, 5) (5, 5)
(25, 5, 5) (5, 5) (5, 5)
(25, 5, 5) (5, 5) (5, 5)
(25, 5, 5) (5, 5) (5, 5)
(25, 5, 5) (5, 5) (5, 5)
(25, 5, 5) (5, 5) (5, 5)
(25, 5, 5) (5, 5) (5, 5)
Writing the file of dble/2100P/RESULT/EPS/2024091013_mem24_memU25_K2_0.02.nc
Scores computation for 1 forcast term is Done in 18.6588 seconds
(25, 5, 5) (5, 5) (5, 5)
(25, 5, 5) (5, 5) (5, 5)
(25, 5, 5) (5, 5) (5, 5)
(25, 5, 5) (5, 5) (5, 5)
(25, 5, 5) (5, 5) (5, 5)
(25, 5, 5) (5, 5) (5, 5)
(25, 5, 5) (5, 5) (5, 5)
(25, 5, 5) (5, 5) (5, 5)
(25, 5, 5) (5, 5) (5, 5)
(25, 5, 5) (5, 5) (5, 5)
(25, 5, 5) (5, 5) (5, 5)
(25, 5, 5) (5, 5) (5, 5)
(25, 5, 5) (5, 5) (5, 5)
(25, 5, 5) (5, 5) (5, 5)
Writing the file of dble/2100P/RESULT/EPS/2024091014_mem24_memU25_K2_0.02.nc
Scores computation for 1 forcast term is Done in 19.0171 seconds
(25, 5, 5) (5, 5) (5, 5)
(25, 5, 5) (5, 5) (5, 5)
(25, 5, 5) (5, 5) (5, 5)
(25, 5, 5) (5, 5) (5, 5)
(25, 5, 5) (5, 5) (5, 5)
(25, 5, 5) (5, 5) (5, 5)
(25, 5, 5) (5, 5) (5, 5)
(25, 5, 5) (5, 5) (5, 5)
(25, 5, 5) (5, 5) (5, 5)
(25, 5, 5) (5, 5) (5, 5)
(25, 5, 5) (5, 5) (5, 5)
(25, 5, 5) (5, 5) (5, 5)
(25, 5, 5) (5, 5) (5, 5)
(25, 5, 5) (5, 5) (5, 5)
Writing the file of dble/2100P/RESULT/EPS/2024091015_mem24_memU25_K2_0.02.nc
Scores computation for 1 forcast term is Done in 18.8507 seconds
(25, 5, 5) (5, 5) (5, 5)
(25, 5, 5) (5, 5) (5, 5)
(25, 5, 5) (5, 5) (5, 5)
(25, 5, 5) (5, 5) (5, 5)
(25, 5, 5) (5, 5) (5, 5)
(25, 5, 5) (5, 5) (5, 5)
(25, 5, 5) (5, 5) (5, 5)
(25, 5, 5) (5, 5) (5, 5)
(25, 5, 5) (5, 5) (5, 5)
(25, 5, 5) (5, 5) (5, 5)
(25, 5, 5) (5, 5) (5, 5)
(25, 5, 5) (5, 5) (5, 5)
(25, 5, 5) (5, 5) (5, 5)
(25, 5, 5) (5, 5) (5, 5)
Writing the file of dble/2100P/RESULT/EPS/2024091016_mem24_memU25_K2_0.02.nc
Scores computation for 1 forcast term is Done in 18.4590 seconds
(25, 5, 5) (5, 5) (5, 5)
(25, 5, 5) (5, 5) (5, 5)
(25, 5, 5) (5, 5) (5, 5)
(25, 5, 5) (5, 5) (5, 5)
(25, 5, 5) (5, 5) (5, 5)
(25, 5, 5) (5, 5) (5, 5)
(25, 5, 5) (5, 5) (5, 5)
(25, 5, 5) (5, 5) (5, 5)
(25, 5, 5) (5, 5) (5, 5)
(25, 5, 5) (5, 5) (5, 5)
(25, 5, 5) (5, 5) (5, 5)
(25, 5, 5) (5, 5) (5, 5)
(25, 5, 5) (5, 5) (5, 5)
(25, 5, 5) (5, 5) (5, 5)
Writing the file of dble/2100P/RESULT/EPS/2024091017_mem24_memU25_K2_0.02.nc
Scores computation for 1 forcast term is Done in 18.9761 seconds
(25, 5, 5) (5, 5) (5, 5)
(25, 5, 5) (5, 5) (5, 5)
(25, 5, 5) (5, 5) (5, 5)
(25, 5, 5) (5, 5) (5, 5)
(25, 5, 5) (5, 5) (5, 5)
(25, 5, 5) (5, 5) (5, 5)
(25, 5, 5) (5, 5) (5, 5)
(25, 5, 5) (5, 5) (5, 5)
(25, 5, 5) (5, 5) (5, 5)
(25, 5, 5) (5, 5) (5, 5)
(25, 5, 5) (5, 5) (5, 5)
(25, 5, 5) (5, 5) (5, 5)
(25, 5, 5) (5, 5) (5, 5)
(25, 5, 5) (5, 5) (5, 5)
Writing the file of dble/2100P/RESULT/EPS/2024091018_mem24_memU25_K2_0.02.nc
Scores computation for 1 forcast term is Done in 18.1955 seconds
(25, 5, 5) (5, 5) (5, 5)
(25, 5, 5) (5, 5) (5, 5)
(25, 5, 5) (5, 5) (5, 5)
(25, 5, 5) (5, 5) (5, 5)
(25, 5, 5) (5, 5) (5, 5)
(25, 5, 5) (5, 5) (5, 5)
(25, 5, 5) (5, 5) (5, 5)
(25, 5, 5) (5, 5) (5, 5)
(25, 5, 5) (5, 5) (5, 5)
(25, 5, 5) (5, 5) (5, 5)
(25, 5, 5) (5, 5) (5, 5)
(25, 5, 5) (5, 5) (5, 5)
(25, 5, 5) (5, 5) (5, 5)
(25, 5, 5) (5, 5) (5, 5)
Writing the file of dble/2100P/RESULT/EPS/2024091019_mem24_memU25_K2_0.02.nc
Scores computation for 1 forcast term is Done in 12.6757 seconds
[Date(2024, 9, 10, 21, 0)] [1, 2, 3, 4, 5, 6, 7, 8, 9, 10, 11, 12, 13, 14, 15, 16, 17, 18, 19, 20, 21, 22, 23] 24
575
Reading PEAROME data is done in 951.3262 seconds
[4.8162994426004246e-11, 2.7887266801363e-10]
[-0.09404822599711932, 738.456260266667] [0.008699623495340347, 100.009375]
(25, 5, 5) (5, 5) (5, 5)
(25, 5, 5) (5, 5) (5, 5)
(25, 5, 5) (5, 5) (5, 5)
(25, 5, 5) (5, 5) (5, 5)
(25, 5, 5) (5, 5) (5, 5)
(25, 5, 5) (5, 5) (5, 5)
(25, 5, 5) (5, 5) (5, 5)
(25, 5, 5) (5, 5) (5, 5)
(25, 5, 5) (5, 5) (5, 5)
(25, 5, 5) (5, 5) (5, 5)
(25, 5, 5) (5, 5) (5, 5)
(25, 5, 5) (5, 5) (5, 5)
(25, 5, 5) (5, 5) (5, 5)
(25, 5, 5) (5, 5) (5, 5)
Writing the file of dble/2100P/RESULT/EPS/2024091106_mem24_memU25_K2_0.02.nc
Scores computation for 1 forcast term is Done in 13.9828 seconds
(25, 5, 5) (5, 5) (5, 5)
(25, 5, 5) (5, 5) (5, 5)
(25, 5, 5) (5, 5) (5, 5)
(25, 5, 5) (5, 5) (5, 5)
(25, 5, 5) (5, 5) (5, 5)
(25, 5, 5) (5, 5) (5, 5)
(25, 5, 5) (5, 5) (5, 5)
(25, 5, 5) (5, 5) (5, 5)
(25, 5, 5) (5, 5) (5, 5)
(25, 5, 5) (5, 5) (5, 5)
(25, 5, 5) (5, 5) (5, 5)
(25, 5, 5) (5, 5) (5, 5)
(25, 5, 5) (5, 5) (5, 5)
(25, 5, 5) (5, 5) (5, 5)
Writing the file of dble/2100P/RESULT/EPS/2024091107_mem24_memU25_K2_0.02.nc
Scores computation for 1 forcast term is Done in 20.7221 seconds
(25, 5, 5) (5, 5) (5, 5)
(25, 5, 5) (5, 5) (5, 5)
(25, 5, 5) (5, 5) (5, 5)
(25, 5, 5) (5, 5) (5, 5)
(25, 5, 5) (5, 5) (5, 5)
(25, 5, 5) (5, 5) (5, 5)
(25, 5, 5) (5, 5) (5, 5)
(25, 5, 5) (5, 5) (5, 5)
(25, 5, 5) (5, 5) (5, 5)
(25, 5, 5) (5, 5) (5, 5)
(25, 5, 5) (5, 5) (5, 5)
(25, 5, 5) (5, 5) (5, 5)
(25, 5, 5) (5, 5) (5, 5)
(25, 5, 5) (5, 5) (5, 5)
Writing the file of dble/2100P/RESULT/EPS/2024091108_mem24_memU25_K2_0.02.nc
Scores computation for 1 forcast term is Done in 19.8508 seconds
(25, 5, 5) (5, 5) (5, 5)
(25, 5, 5) (5, 5) (5, 5)
(25, 5, 5) (5, 5) (5, 5)
(25, 5, 5) (5, 5) (5, 5)
(25, 5, 5) (5, 5) (5, 5)
(25, 5, 5) (5, 5) (5, 5)
(25, 5, 5) (5, 5) (5, 5)
(25, 5, 5) (5, 5) (5, 5)
(25, 5, 5) (5, 5) (5, 5)
(25, 5, 5) (5, 5) (5, 5)
(25, 5, 5) (5, 5) (5, 5)
(25, 5, 5) (5, 5) (5, 5)
(25, 5, 5) (5, 5) (5, 5)
(25, 5, 5) (5, 5) (5, 5)
Writing the file of dble/2100P/RESULT/EPS/2024091109_mem24_memU25_K2_0.02.nc
Scores computation for 1 forcast term is Done in 20.0700 seconds
(25, 5, 5) (5, 5) (5, 5)
(25, 5, 5) (5, 5) (5, 5)
(25, 5, 5) (5, 5) (5, 5)
(25, 5, 5) (5, 5) (5, 5)
(25, 5, 5) (5, 5) (5, 5)
(25, 5, 5) (5, 5) (5, 5)
(25, 5, 5) (5, 5) (5, 5)
(25, 5, 5) (5, 5) (5, 5)
(25, 5, 5) (5, 5) (5, 5)
(25, 5, 5) (5, 5) (5, 5)
(25, 5, 5) (5, 5) (5, 5)
(25, 5, 5) (5, 5) (5, 5)
(25, 5, 5) (5, 5) (5, 5)
(25, 5, 5) (5, 5) (5, 5)
Writing the file of dble/2100P/RESULT/EPS/2024091110_mem24_memU25_K2_0.02.nc
Scores computation for 1 forcast term is Done in 20.2191 seconds
(25, 5, 5) (5, 5) (5, 5)
(25, 5, 5) (5, 5) (5, 5)
(25, 5, 5) (5, 5) (5, 5)
(25, 5, 5) (5, 5) (5, 5)
(25, 5, 5) (5, 5) (5, 5)
(25, 5, 5) (5, 5) (5, 5)
(25, 5, 5) (5, 5) (5, 5)
(25, 5, 5) (5, 5) (5, 5)
(25, 5, 5) (5, 5) (5, 5)
(25, 5, 5) (5, 5) (5, 5)
(25, 5, 5) (5, 5) (5, 5)
(25, 5, 5) (5, 5) (5, 5)
(25, 5, 5) (5, 5) (5, 5)
(25, 5, 5) (5, 5) (5, 5)
Writing the file of dble/2100P/RESULT/EPS/2024091111_mem24_memU25_K2_0.02.nc
Scores computation for 1 forcast term is Done in 19.8194 seconds
(25, 5, 5) (5, 5) (5, 5)
(25, 5, 5) (5, 5) (5, 5)
(25, 5, 5) (5, 5) (5, 5)
(25, 5, 5) (5, 5) (5, 5)
(25, 5, 5) (5, 5) (5, 5)
(25, 5, 5) (5, 5) (5, 5)
(25, 5, 5) (5, 5) (5, 5)
(25, 5, 5) (5, 5) (5, 5)
(25, 5, 5) (5, 5) (5, 5)
(25, 5, 5) (5, 5) (5, 5)
(25, 5, 5) (5, 5) (5, 5)
(25, 5, 5) (5, 5) (5, 5)
(25, 5, 5) (5, 5) (5, 5)
(25, 5, 5) (5, 5) (5, 5)
Writing the file of dble/2100P/RESULT/EPS/2024091112_mem24_memU25_K2_0.02.nc
Scores computation for 1 forcast term is Done in 20.8536 seconds
(25, 5, 5) (5, 5) (5, 5)
(25, 5, 5) (5, 5) (5, 5)
(25, 5, 5) (5, 5) (5, 5)
(25, 5, 5) (5, 5) (5, 5)
(25, 5, 5) (5, 5) (5, 5)
(25, 5, 5) (5, 5) (5, 5)
(25, 5, 5) (5, 5) (5, 5)
(25, 5, 5) (5, 5) (5, 5)
(25, 5, 5) (5, 5) (5, 5)
(25, 5, 5) (5, 5) (5, 5)
(25, 5, 5) (5, 5) (5, 5)
(25, 5, 5) (5, 5) (5, 5)
(25, 5, 5) (5, 5) (5, 5)
(25, 5, 5) (5, 5) (5, 5)
Writing the file of dble/2100P/RESULT/EPS/2024091113_mem24_memU25_K2_0.02.nc
Scores computation for 1 forcast term is Done in 19.8575 seconds
(25, 5, 5) (5, 5) (5, 5)
(25, 5, 5) (5, 5) (5, 5)
(25, 5, 5) (5, 5) (5, 5)
(25, 5, 5) (5, 5) (5, 5)
(25, 5, 5) (5, 5) (5, 5)
(25, 5, 5) (5, 5) (5, 5)
(25, 5, 5) (5, 5) (5, 5)
(25, 5, 5) (5, 5) (5, 5)
(25, 5, 5) (5, 5) (5, 5)
(25, 5, 5) (5, 5) (5, 5)
(25, 5, 5) (5, 5) (5, 5)
(25, 5, 5) (5, 5) (5, 5)
(25, 5, 5) (5, 5) (5, 5)
(25, 5, 5) (5, 5) (5, 5)
Writing the file of dble/2100P/RESULT/EPS/2024091114_mem24_memU25_K2_0.02.nc
Scores computation for 1 forcast term is Done in 21.1142 seconds
(25, 5, 5) (5, 5) (5, 5)
(25, 5, 5) (5, 5) (5, 5)
(25, 5, 5) (5, 5) (5, 5)
(25, 5, 5) (5, 5) (5, 5)
(25, 5, 5) (5, 5) (5, 5)
(25, 5, 5) (5, 5) (5, 5)
(25, 5, 5) (5, 5) (5, 5)
(25, 5, 5) (5, 5) (5, 5)
(25, 5, 5) (5, 5) (5, 5)
(25, 5, 5) (5, 5) (5, 5)
(25, 5, 5) (5, 5) (5, 5)
(25, 5, 5) (5, 5) (5, 5)
(25, 5, 5) (5, 5) (5, 5)
(25, 5, 5) (5, 5) (5, 5)
Writing the file of dble/2100P/RESULT/EPS/2024091115_mem24_memU25_K2_0.02.nc
Scores computation for 1 forcast term is Done in 20.2818 seconds
(25, 5, 5) (5, 5) (5, 5)
(25, 5, 5) (5, 5) (5, 5)
(25, 5, 5) (5, 5) (5, 5)
(25, 5, 5) (5, 5) (5, 5)
(25, 5, 5) (5, 5) (5, 5)
(25, 5, 5) (5, 5) (5, 5)
(25, 5, 5) (5, 5) (5, 5)
(25, 5, 5) (5, 5) (5, 5)
(25, 5, 5) (5, 5) (5, 5)
(25, 5, 5) (5, 5) (5, 5)
(25, 5, 5) (5, 5) (5, 5)
(25, 5, 5) (5, 5) (5, 5)
(25, 5, 5) (5, 5) (5, 5)
(25, 5, 5) (5, 5) (5, 5)
Writing the file of dble/2100P/RESULT/EPS/2024091116_mem24_memU25_K2_0.02.nc
Scores computation for 1 forcast term is Done in 20.4381 seconds
(25, 5, 5) (5, 5) (5, 5)
(25, 5, 5) (5, 5) (5, 5)
(25, 5, 5) (5, 5) (5, 5)
(25, 5, 5) (5, 5) (5, 5)
(25, 5, 5) (5, 5) (5, 5)
(25, 5, 5) (5, 5) (5, 5)
(25, 5, 5) (5, 5) (5, 5)
(25, 5, 5) (5, 5) (5, 5)
(25, 5, 5) (5, 5) (5, 5)
(25, 5, 5) (5, 5) (5, 5)
(25, 5, 5) (5, 5) (5, 5)
(25, 5, 5) (5, 5) (5, 5)
(25, 5, 5) (5, 5) (5, 5)
(25, 5, 5) (5, 5) (5, 5)
Writing the file of dble/2100P/RESULT/EPS/2024091117_mem24_memU25_K2_0.02.nc
Scores computation for 1 forcast term is Done in 19.5843 seconds
(25, 5, 5) (5, 5) (5, 5)
(25, 5, 5) (5, 5) (5, 5)
(25, 5, 5) (5, 5) (5, 5)
(25, 5, 5) (5, 5) (5, 5)
(25, 5, 5) (5, 5) (5, 5)
(25, 5, 5) (5, 5) (5, 5)
(25, 5, 5) (5, 5) (5, 5)
(25, 5, 5) (5, 5) (5, 5)
(25, 5, 5) (5, 5) (5, 5)
(25, 5, 5) (5, 5) (5, 5)
(25, 5, 5) (5, 5) (5, 5)
(25, 5, 5) (5, 5) (5, 5)
(25, 5, 5) (5, 5) (5, 5)
(25, 5, 5) (5, 5) (5, 5)
Writing the file of dble/2100P/RESULT/EPS/2024091118_mem24_memU25_K2_0.02.nc
Scores computation for 1 forcast term is Done in 20.1098 seconds
(25, 5, 5) (5, 5) (5, 5)
(25, 5, 5) (5, 5) (5, 5)
(25, 5, 5) (5, 5) (5, 5)
(25, 5, 5) (5, 5) (5, 5)
(25, 5, 5) (5, 5) (5, 5)
(25, 5, 5) (5, 5) (5, 5)
(25, 5, 5) (5, 5) (5, 5)
(25, 5, 5) (5, 5) (5, 5)
(25, 5, 5) (5, 5) (5, 5)
(25, 5, 5) (5, 5) (5, 5)
(25, 5, 5) (5, 5) (5, 5)
(25, 5, 5) (5, 5) (5, 5)
(25, 5, 5) (5, 5) (5, 5)
(25, 5, 5) (5, 5) (5, 5)
Writing the file of dble/2100P/RESULT/EPS/2024091119_mem24_memU25_K2_0.02.nc
Scores computation for 1 forcast term is Done in 13.8903 seconds
[Date(2024, 9, 11, 21, 0)] [1, 2, 3, 4, 5, 6, 7, 8, 9, 10, 11, 12, 13, 14, 15, 16, 17, 18, 19, 20, 21, 22, 23] 24
575
Reading PEAROME data is done in 1096.9364 seconds
[4.816181603117457e-11, 2.876726086307573e-10]
[-0.09098894477407965, 746.2612847222222] [0.008699623495340347, 100.009375]
(25, 5, 5) (5, 5) (5, 5)
(25, 5, 5) (5, 5) (5, 5)
(25, 5, 5) (5, 5) (5, 5)
(25, 5, 5) (5, 5) (5, 5)
(25, 5, 5) (5, 5) (5, 5)
(25, 5, 5) (5, 5) (5, 5)
(25, 5, 5) (5, 5) (5, 5)
(25, 5, 5) (5, 5) (5, 5)
(25, 5, 5) (5, 5) (5, 5)
(25, 5, 5) (5, 5) (5, 5)
(25, 5, 5) (5, 5) (5, 5)
(25, 5, 5) (5, 5) (5, 5)
(25, 5, 5) (5, 5) (5, 5)
(25, 5, 5) (5, 5) (5, 5)
Writing the file of dble/2100P/RESULT/EPS/2024091206_mem24_memU25_K2_0.02.nc
Scores computation for 1 forcast term is Done in 14.8861 seconds
(25, 5, 5) (5, 5) (5, 5)
(25, 5, 5) (5, 5) (5, 5)
(25, 5, 5) (5, 5) (5, 5)
(25, 5, 5) (5, 5) (5, 5)
(25, 5, 5) (5, 5) (5, 5)
(25, 5, 5) (5, 5) (5, 5)
(25, 5, 5) (5, 5) (5, 5)
(25, 5, 5) (5, 5) (5, 5)
(25, 5, 5) (5, 5) (5, 5)
(25, 5, 5) (5, 5) (5, 5)
(25, 5, 5) (5, 5) (5, 5)
(25, 5, 5) (5, 5) (5, 5)
(25, 5, 5) (5, 5) (5, 5)
(25, 5, 5) (5, 5) (5, 5)
Writing the file of dble/2100P/RESULT/EPS/2024091207_mem24_memU25_K2_0.02.nc
Scores computation for 1 forcast term is Done in 21.9771 seconds
(25, 5, 5) (5, 5) (5, 5)
(25, 5, 5) (5, 5) (5, 5)
(25, 5, 5) (5, 5) (5, 5)
(25, 5, 5) (5, 5) (5, 5)
(25, 5, 5) (5, 5) (5, 5)
(25, 5, 5) (5, 5) (5, 5)
(25, 5, 5) (5, 5) (5, 5)
(25, 5, 5) (5, 5) (5, 5)
(25, 5, 5) (5, 5) (5, 5)
(25, 5, 5) (5, 5) (5, 5)
(25, 5, 5) (5, 5) (5, 5)
(25, 5, 5) (5, 5) (5, 5)
(25, 5, 5) (5, 5) (5, 5)
(25, 5, 5) (5, 5) (5, 5)
Writing the file of dble/2100P/RESULT/EPS/2024091208_mem24_memU25_K2_0.02.nc
Scores computation for 1 forcast term is Done in 21.5332 seconds
(25, 5, 5) (5, 5) (5, 5)
(25, 5, 5) (5, 5) (5, 5)
(25, 5, 5) (5, 5) (5, 5)
(25, 5, 5) (5, 5) (5, 5)
(25, 5, 5) (5, 5) (5, 5)
(25, 5, 5) (5, 5) (5, 5)
(25, 5, 5) (5, 5) (5, 5)
(25, 5, 5) (5, 5) (5, 5)
(25, 5, 5) (5, 5) (5, 5)
(25, 5, 5) (5, 5) (5, 5)
(25, 5, 5) (5, 5) (5, 5)
(25, 5, 5) (5, 5) (5, 5)
(25, 5, 5) (5, 5) (5, 5)
(25, 5, 5) (5, 5) (5, 5)
Writing the file of dble/2100P/RESULT/EPS/2024091209_mem24_memU25_K2_0.02.nc
Scores computation for 1 forcast term is Done in 21.7527 seconds
(25, 5, 5) (5, 5) (5, 5)
(25, 5, 5) (5, 5) (5, 5)
(25, 5, 5) (5, 5) (5, 5)
(25, 5, 5) (5, 5) (5, 5)
(25, 5, 5) (5, 5) (5, 5)
(25, 5, 5) (5, 5) (5, 5)
(25, 5, 5) (5, 5) (5, 5)
(25, 5, 5) (5, 5) (5, 5)
(25, 5, 5) (5, 5) (5, 5)
(25, 5, 5) (5, 5) (5, 5)
(25, 5, 5) (5, 5) (5, 5)
(25, 5, 5) (5, 5) (5, 5)
(25, 5, 5) (5, 5) (5, 5)
(25, 5, 5) (5, 5) (5, 5)
Writing the file of dble/2100P/RESULT/EPS/2024091210_mem24_memU25_K2_0.02.nc
Scores computation for 1 forcast term is Done in 22.0207 seconds
(25, 5, 5) (5, 5) (5, 5)
(25, 5, 5) (5, 5) (5, 5)
(25, 5, 5) (5, 5) (5, 5)
(25, 5, 5) (5, 5) (5, 5)
(25, 5, 5) (5, 5) (5, 5)
(25, 5, 5) (5, 5) (5, 5)
(25, 5, 5) (5, 5) (5, 5)
(25, 5, 5) (5, 5) (5, 5)
(25, 5, 5) (5, 5) (5, 5)
(25, 5, 5) (5, 5) (5, 5)
(25, 5, 5) (5, 5) (5, 5)
(25, 5, 5) (5, 5) (5, 5)
(25, 5, 5) (5, 5) (5, 5)
(25, 5, 5) (5, 5) (5, 5)
Writing the file of dble/2100P/RESULT/EPS/2024091211_mem24_memU25_K2_0.02.nc
Scores computation for 1 forcast term is Done in 20.3569 seconds
(25, 5, 5) (5, 5) (5, 5)
(25, 5, 5) (5, 5) (5, 5)
(25, 5, 5) (5, 5) (5, 5)
(25, 5, 5) (5, 5) (5, 5)
(25, 5, 5) (5, 5) (5, 5)
(25, 5, 5) (5, 5) (5, 5)
(25, 5, 5) (5, 5) (5, 5)
(25, 5, 5) (5, 5) (5, 5)
(25, 5, 5) (5, 5) (5, 5)
(25, 5, 5) (5, 5) (5, 5)
(25, 5, 5) (5, 5) (5, 5)
(25, 5, 5) (5, 5) (5, 5)
(25, 5, 5) (5, 5) (5, 5)
(25, 5, 5) (5, 5) (5, 5)
Writing the file of dble/2100P/RESULT/EPS/2024091212_mem24_memU25_K2_0.02.nc
Scores computation for 1 forcast term is Done in 21.3387 seconds
(25, 5, 5) (5, 5) (5, 5)
(25, 5, 5) (5, 5) (5, 5)
(25, 5, 5) (5, 5) (5, 5)
(25, 5, 5) (5, 5) (5, 5)
(25, 5, 5) (5, 5) (5, 5)
(25, 5, 5) (5, 5) (5, 5)
(25, 5, 5) (5, 5) (5, 5)
(25, 5, 5) (5, 5) (5, 5)
(25, 5, 5) (5, 5) (5, 5)
(25, 5, 5) (5, 5) (5, 5)
(25, 5, 5) (5, 5) (5, 5)
(25, 5, 5) (5, 5) (5, 5)
(25, 5, 5) (5, 5) (5, 5)
(25, 5, 5) (5, 5) (5, 5)
Writing the file of dble/2100P/RESULT/EPS/2024091213_mem24_memU25_K2_0.02.nc
Scores computation for 1 forcast term is Done in 20.9014 seconds
(25, 5, 5) (5, 5) (5, 5)
(25, 5, 5) (5, 5) (5, 5)
(25, 5, 5) (5, 5) (5, 5)
(25, 5, 5) (5, 5) (5, 5)
(25, 5, 5) (5, 5) (5, 5)
(25, 5, 5) (5, 5) (5, 5)
(25, 5, 5) (5, 5) (5, 5)
(25, 5, 5) (5, 5) (5, 5)
(25, 5, 5) (5, 5) (5, 5)
(25, 5, 5) (5, 5) (5, 5)
(25, 5, 5) (5, 5) (5, 5)
(25, 5, 5) (5, 5) (5, 5)
(25, 5, 5) (5, 5) (5, 5)
(25, 5, 5) (5, 5) (5, 5)
Writing the file of dble/2100P/RESULT/EPS/2024091214_mem24_memU25_K2_0.02.nc
Scores computation for 1 forcast term is Done in 20.3587 seconds
(25, 5, 5) (5, 5) (5, 5)
(25, 5, 5) (5, 5) (5, 5)
(25, 5, 5) (5, 5) (5, 5)
(25, 5, 5) (5, 5) (5, 5)
(25, 5, 5) (5, 5) (5, 5)
(25, 5, 5) (5, 5) (5, 5)
(25, 5, 5) (5, 5) (5, 5)
(25, 5, 5) (5, 5) (5, 5)
(25, 5, 5) (5, 5) (5, 5)
(25, 5, 5) (5, 5) (5, 5)
(25, 5, 5) (5, 5) (5, 5)
(25, 5, 5) (5, 5) (5, 5)
(25, 5, 5) (5, 5) (5, 5)
(25, 5, 5) (5, 5) (5, 5)
Writing the file of dble/2100P/RESULT/EPS/2024091215_mem24_memU25_K2_0.02.nc
Scores computation for 1 forcast term is Done in 20.6563 seconds
(25, 5, 5) (5, 5) (5, 5)
(25, 5, 5) (5, 5) (5, 5)
(25, 5, 5) (5, 5) (5, 5)
(25, 5, 5) (5, 5) (5, 5)
(25, 5, 5) (5, 5) (5, 5)
(25, 5, 5) (5, 5) (5, 5)
(25, 5, 5) (5, 5) (5, 5)
(25, 5, 5) (5, 5) (5, 5)
(25, 5, 5) (5, 5) (5, 5)
(25, 5, 5) (5, 5) (5, 5)
(25, 5, 5) (5, 5) (5, 5)
(25, 5, 5) (5, 5) (5, 5)
(25, 5, 5) (5, 5) (5, 5)
(25, 5, 5) (5, 5) (5, 5)
Writing the file of dble/2100P/RESULT/EPS/2024091216_mem24_memU25_K2_0.02.nc
Scores computation for 1 forcast term is Done in 21.3724 seconds
(25, 5, 5) (5, 5) (5, 5)
(25, 5, 5) (5, 5) (5, 5)
(25, 5, 5) (5, 5) (5, 5)
(25, 5, 5) (5, 5) (5, 5)
(25, 5, 5) (5, 5) (5, 5)
(25, 5, 5) (5, 5) (5, 5)
(25, 5, 5) (5, 5) (5, 5)
(25, 5, 5) (5, 5) (5, 5)
(25, 5, 5) (5, 5) (5, 5)
(25, 5, 5) (5, 5) (5, 5)
(25, 5, 5) (5, 5) (5, 5)
(25, 5, 5) (5, 5) (5, 5)
(25, 5, 5) (5, 5) (5, 5)
(25, 5, 5) (5, 5) (5, 5)
Writing the file of dble/2100P/RESULT/EPS/2024091217_mem24_memU25_K2_0.02.nc
Scores computation for 1 forcast term is Done in 20.8115 seconds
(25, 5, 5) (5, 5) (5, 5)
(25, 5, 5) (5, 5) (5, 5)
(25, 5, 5) (5, 5) (5, 5)
(25, 5, 5) (5, 5) (5, 5)
(25, 5, 5) (5, 5) (5, 5)
(25, 5, 5) (5, 5) (5, 5)
(25, 5, 5) (5, 5) (5, 5)
(25, 5, 5) (5, 5) (5, 5)
(25, 5, 5) (5, 5) (5, 5)
(25, 5, 5) (5, 5) (5, 5)
(25, 5, 5) (5, 5) (5, 5)
(25, 5, 5) (5, 5) (5, 5)
(25, 5, 5) (5, 5) (5, 5)
(25, 5, 5) (5, 5) (5, 5)
Writing the file of dble/2100P/RESULT/EPS/2024091218_mem24_memU25_K2_0.02.nc
Scores computation for 1 forcast term is Done in 18.1855 seconds
(25, 5, 5) (5, 5) (5, 5)
(25, 5, 5) (5, 5) (5, 5)
(25, 5, 5) (5, 5) (5, 5)
(25, 5, 5) (5, 5) (5, 5)
(25, 5, 5) (5, 5) (5, 5)
(25, 5, 5) (5, 5) (5, 5)
(25, 5, 5) (5, 5) (5, 5)
(25, 5, 5) (5, 5) (5, 5)
(25, 5, 5) (5, 5) (5, 5)
(25, 5, 5) (5, 5) (5, 5)
(25, 5, 5) (5, 5) (5, 5)
(25, 5, 5) (5, 5) (5, 5)
(25, 5, 5) (5, 5) (5, 5)
(25, 5, 5) (5, 5) (5, 5)
Writing the file of dble/2100P/RESULT/EPS/2024091219_mem24_memU25_K2_0.02.nc
Scores computation for 1 forcast term is Done in 13.9813 seconds
Vortex 1.12.1 completed ( Tuesday 23. September 2025, at 10:56:40 )
