Vortex 1.12.1 loaded ( Friday 03. October 2025, at 10:29:42 )
[Date(2024, 9, 11, 21, 0)] [1, 2, 3, 4, 5, 6, 7, 8, 9, 10, 11, 12, 13, 14, 15, 16, 17, 18, 19, 20, 21] 24
H3Z3 [Date(2024, 9, 11, 21, 0)] [1, 2, 3, 4, 5, 6, 7, 8, 9, 10, 11, 12, 13, 14, 15, 16, 17, 18, 19, 20, 21] [0, 1, 2, 3, 4, 5, 6, 7, 8, 9, 10, 11, 12, 13, 14, 15, 16, 17, 18, 19, 20, 21, 22, 23, 24]
525
Reading PEAROME data is done in 736.4805 seconds
[4.786239404808157e-11, 6.623589232646054e-11]
[1.3077115406611146e-14, 737.3018452562343] [0.011699318885803223, 100.01169931963086]
6
(25, 9, 9) (9, 9) (9, 9)
(25, 9, 9) (9, 9) (9, 9)
(25, 9, 9) (9, 9) (9, 9)
(25, 9, 9) (9, 9) (9, 9)
(25, 9, 9) (9, 9) (9, 9)
(25, 9, 9) (9, 9) (9, 9)
(25, 9, 9) (9, 9) (9, 9)
(25, 9, 9) (9, 9) (9, 9)
(25, 9, 9) (9, 9) (9, 9)
(25, 9, 9) (9, 9) (9, 9)
(25, 9, 9) (9, 9) (9, 9)
(25, 9, 9) (9, 9) (9, 9)
(25, 9, 9) (9, 9) (9, 9)
(25, 9, 9) (9, 9) (9, 9)
Writing the file of H3Z3/2100P/RESULT/EPS/2024091206_mem24_memU25_K4_0.02.nc
Scores computation for 1 forcast term is Done in 33.7819 seconds
7
(25, 9, 9) (9, 9) (9, 9)
(25, 9, 9) (9, 9) (9, 9)
(25, 9, 9) (9, 9) (9, 9)
(25, 9, 9) (9, 9) (9, 9)
(25, 9, 9) (9, 9) (9, 9)
(25, 9, 9) (9, 9) (9, 9)
(25, 9, 9) (9, 9) (9, 9)
(25, 9, 9) (9, 9) (9, 9)
(25, 9, 9) (9, 9) (9, 9)
(25, 9, 9) (9, 9) (9, 9)
(25, 9, 9) (9, 9) (9, 9)
(25, 9, 9) (9, 9) (9, 9)
(25, 9, 9) (9, 9) (9, 9)
(25, 9, 9) (9, 9) (9, 9)
Writing the file of H3Z3/2100P/RESULT/EPS/2024091207_mem24_memU25_K4_0.02.nc
Scores computation for 1 forcast term is Done in 17.1282 seconds
8
(25, 9, 9) (9, 9) (9, 9)
(25, 9, 9) (9, 9) (9, 9)
(25, 9, 9) (9, 9) (9, 9)
(25, 9, 9) (9, 9) (9, 9)
(25, 9, 9) (9, 9) (9, 9)
(25, 9, 9) (9, 9) (9, 9)
(25, 9, 9) (9, 9) (9, 9)
(25, 9, 9) (9, 9) (9, 9)
(25, 9, 9) (9, 9) (9, 9)
(25, 9, 9) (9, 9) (9, 9)
(25, 9, 9) (9, 9) (9, 9)
(25, 9, 9) (9, 9) (9, 9)
(25, 9, 9) (9, 9) (9, 9)
(25, 9, 9) (9, 9) (9, 9)
Writing the file of H3Z3/2100P/RESULT/EPS/2024091208_mem24_memU25_K4_0.02.nc
Scores computation for 1 forcast term is Done in 5.6173 seconds
9
(25, 9, 9) (9, 9) (9, 9)
(25, 9, 9) (9, 9) (9, 9)
(25, 9, 9) (9, 9) (9, 9)
(25, 9, 9) (9, 9) (9, 9)
(25, 9, 9) (9, 9) (9, 9)
(25, 9, 9) (9, 9) (9, 9)
(25, 9, 9) (9, 9) (9, 9)
(25, 9, 9) (9, 9) (9, 9)
(25, 9, 9) (9, 9) (9, 9)
(25, 9, 9) (9, 9) (9, 9)
(25, 9, 9) (9, 9) (9, 9)
(25, 9, 9) (9, 9) (9, 9)
(25, 9, 9) (9, 9) (9, 9)
(25, 9, 9) (9, 9) (9, 9)
Writing the file of H3Z3/2100P/RESULT/EPS/2024091209_mem24_memU25_K4_0.02.nc
Scores computation for 1 forcast term is Done in 6.4970 seconds
10
(25, 9, 9) (9, 9) (9, 9)
(25, 9, 9) (9, 9) (9, 9)
(25, 9, 9) (9, 9) (9, 9)
(25, 9, 9) (9, 9) (9, 9)
(25, 9, 9) (9, 9) (9, 9)
(25, 9, 9) (9, 9) (9, 9)
(25, 9, 9) (9, 9) (9, 9)
(25, 9, 9) (9, 9) (9, 9)
(25, 9, 9) (9, 9) (9, 9)
(25, 9, 9) (9, 9) (9, 9)
(25, 9, 9) (9, 9) (9, 9)
(25, 9, 9) (9, 9) (9, 9)
(25, 9, 9) (9, 9) (9, 9)
(25, 9, 9) (9, 9) (9, 9)
Writing the file of H3Z3/2100P/RESULT/EPS/2024091210_mem24_memU25_K4_0.02.nc
Scores computation for 1 forcast term is Done in 5.7722 seconds
11
(25, 9, 9) (9, 9) (9, 9)
(25, 9, 9) (9, 9) (9, 9)
(25, 9, 9) (9, 9) (9, 9)
(25, 9, 9) (9, 9) (9, 9)
(25, 9, 9) (9, 9) (9, 9)
(25, 9, 9) (9, 9) (9, 9)
(25, 9, 9) (9, 9) (9, 9)
(25, 9, 9) (9, 9) (9, 9)
(25, 9, 9) (9, 9) (9, 9)
(25, 9, 9) (9, 9) (9, 9)
(25, 9, 9) (9, 9) (9, 9)
(25, 9, 9) (9, 9) (9, 9)
(25, 9, 9) (9, 9) (9, 9)
(25, 9, 9) (9, 9) (9, 9)
Writing the file of H3Z3/2100P/RESULT/EPS/2024091211_mem24_memU25_K4_0.02.nc
Scores computation for 1 forcast term is Done in 6.1761 seconds
12
(25, 9, 9) (9, 9) (9, 9)
(25, 9, 9) (9, 9) (9, 9)
(25, 9, 9) (9, 9) (9, 9)
(25, 9, 9) (9, 9) (9, 9)
(25, 9, 9) (9, 9) (9, 9)
(25, 9, 9) (9, 9) (9, 9)
(25, 9, 9) (9, 9) (9, 9)
(25, 9, 9) (9, 9) (9, 9)
(25, 9, 9) (9, 9) (9, 9)
(25, 9, 9) (9, 9) (9, 9)
(25, 9, 9) (9, 9) (9, 9)
(25, 9, 9) (9, 9) (9, 9)
(25, 9, 9) (9, 9) (9, 9)
(25, 9, 9) (9, 9) (9, 9)
Writing the file of H3Z3/2100P/RESULT/EPS/2024091212_mem24_memU25_K4_0.02.nc
Scores computation for 1 forcast term is Done in 15.2858 seconds
13
(25, 9, 9) (9, 9) (9, 9)
(25, 9, 9) (9, 9) (9, 9)
(25, 9, 9) (9, 9) (9, 9)
(25, 9, 9) (9, 9) (9, 9)
(25, 9, 9) (9, 9) (9, 9)
(25, 9, 9) (9, 9) (9, 9)
(25, 9, 9) (9, 9) (9, 9)
(25, 9, 9) (9, 9) (9, 9)
(25, 9, 9) (9, 9) (9, 9)
(25, 9, 9) (9, 9) (9, 9)
(25, 9, 9) (9, 9) (9, 9)
(25, 9, 9) (9, 9) (9, 9)
(25, 9, 9) (9, 9) (9, 9)
(25, 9, 9) (9, 9) (9, 9)
Writing the file of H3Z3/2100P/RESULT/EPS/2024091213_mem24_memU25_K4_0.02.nc
Scores computation for 1 forcast term is Done in 9.9149 seconds
14
(25, 9, 9) (9, 9) (9, 9)
(25, 9, 9) (9, 9) (9, 9)
(25, 9, 9) (9, 9) (9, 9)
(25, 9, 9) (9, 9) (9, 9)
(25, 9, 9) (9, 9) (9, 9)
(25, 9, 9) (9, 9) (9, 9)
(25, 9, 9) (9, 9) (9, 9)
(25, 9, 9) (9, 9) (9, 9)
(25, 9, 9) (9, 9) (9, 9)
(25, 9, 9) (9, 9) (9, 9)
(25, 9, 9) (9, 9) (9, 9)
(25, 9, 9) (9, 9) (9, 9)
(25, 9, 9) (9, 9) (9, 9)
(25, 9, 9) (9, 9) (9, 9)
Writing the file of H3Z3/2100P/RESULT/EPS/2024091214_mem24_memU25_K4_0.02.nc
Scores computation for 1 forcast term is Done in 6.5096 seconds
15
(25, 9, 9) (9, 9) (9, 9)
(25, 9, 9) (9, 9) (9, 9)
(25, 9, 9) (9, 9) (9, 9)
(25, 9, 9) (9, 9) (9, 9)
(25, 9, 9) (9, 9) (9, 9)
(25, 9, 9) (9, 9) (9, 9)
(25, 9, 9) (9, 9) (9, 9)
(25, 9, 9) (9, 9) (9, 9)
(25, 9, 9) (9, 9) (9, 9)
(25, 9, 9) (9, 9) (9, 9)
(25, 9, 9) (9, 9) (9, 9)
(25, 9, 9) (9, 9) (9, 9)
(25, 9, 9) (9, 9) (9, 9)
(25, 9, 9) (9, 9) (9, 9)
Writing the file of H3Z3/2100P/RESULT/EPS/2024091215_mem24_memU25_K4_0.02.nc
Scores computation for 1 forcast term is Done in 14.4465 seconds
16
(25, 9, 9) (9, 9) (9, 9)
(25, 9, 9) (9, 9) (9, 9)
(25, 9, 9) (9, 9) (9, 9)
(25, 9, 9) (9, 9) (9, 9)
(25, 9, 9) (9, 9) (9, 9)
(25, 9, 9) (9, 9) (9, 9)
(25, 9, 9) (9, 9) (9, 9)
(25, 9, 9) (9, 9) (9, 9)
(25, 9, 9) (9, 9) (9, 9)
(25, 9, 9) (9, 9) (9, 9)
(25, 9, 9) (9, 9) (9, 9)
(25, 9, 9) (9, 9) (9, 9)
(25, 9, 9) (9, 9) (9, 9)
(25, 9, 9) (9, 9) (9, 9)
Writing the file of H3Z3/2100P/RESULT/EPS/2024091216_mem24_memU25_K4_0.02.nc
Scores computation for 1 forcast term is Done in 6.5097 seconds
17
(25, 9, 9) (9, 9) (9, 9)
(25, 9, 9) (9, 9) (9, 9)
(25, 9, 9) (9, 9) (9, 9)
(25, 9, 9) (9, 9) (9, 9)
(25, 9, 9) (9, 9) (9, 9)
(25, 9, 9) (9, 9) (9, 9)
(25, 9, 9) (9, 9) (9, 9)
(25, 9, 9) (9, 9) (9, 9)
(25, 9, 9) (9, 9) (9, 9)
(25, 9, 9) (9, 9) (9, 9)
(25, 9, 9) (9, 9) (9, 9)
(25, 9, 9) (9, 9) (9, 9)
(25, 9, 9) (9, 9) (9, 9)
(25, 9, 9) (9, 9) (9, 9)
Writing the file of H3Z3/2100P/RESULT/EPS/2024091217_mem24_memU25_K4_0.02.nc
Scores computation for 1 forcast term is Done in 7.1324 seconds
18
(25, 9, 9) (9, 9) (9, 9)
(25, 9, 9) (9, 9) (9, 9)
(25, 9, 9) (9, 9) (9, 9)
(25, 9, 9) (9, 9) (9, 9)
(25, 9, 9) (9, 9) (9, 9)
(25, 9, 9) (9, 9) (9, 9)
(25, 9, 9) (9, 9) (9, 9)
(25, 9, 9) (9, 9) (9, 9)
(25, 9, 9) (9, 9) (9, 9)
(25, 9, 9) (9, 9) (9, 9)
(25, 9, 9) (9, 9) (9, 9)
(25, 9, 9) (9, 9) (9, 9)
(25, 9, 9) (9, 9) (9, 9)
(25, 9, 9) (9, 9) (9, 9)
Writing the file of H3Z3/2100P/RESULT/EPS/2024091218_mem24_memU25_K4_0.02.nc
Scores computation for 1 forcast term is Done in 5.6740 seconds
Vortex 1.12.1 completed ( Friday 03. October 2025, at 10:44:31 )
